Id Number = 7160
Process = CT
Element A = O
Initial Charge Number A = +1
Final Charge Number A = 0
Element B = H2
Initial Charge Number B = 0
Final Charge Number B = +1
Theory or Experiment = T
X Axis Data = 9.375E-01,1.063E+00,1.188E+00,1.313E+00,1.438E+00,1.563E+00,1.688E+00,1.813E+00,1.938E+00,2.250E+00,2.375E+00,2.500E+00,2.625E+00,2.750E+00,2.875E+00,3.000E+00,3.125E+00,9.750E+00,1.044E+01,1.119E+01,1.200E+01,1.288E+01,1.381E+01,1.475E+01,1.581E+01,1.700E+01,1.819E+01,1.950E+01,2.088E+01,2.238E+01,2.400E+01,2.575E+01,2.756E+01,2.956E+01,3.169E+01,3.400E+01,3.644E+01,3.906E+01,4.188E+01,4.488E+01,4.806E+01,5.156E+01,5.525E+01,5.919E+01,6.350E+01,6.806E+01,7.294E+01,7.819E+01,8.381E+01,8.981E+01,9.625E+01,1.032E+02,1.106E+02,1.186E+02,1.271E+02,1.363E+02,1.460E+02,1.565E+02,1.678E+02,1.798E+02,1.928E+02,2.066E+02,2.215E+02,2.374E+02,2.544E+02,2.728E+02,2.924E+02,3.134E+02,3.359E+02,3.601E+02,3.859E+02,4.137E+02,4.434E+02,4.753E+02,5.095E+02,5.461E+02,5.854E+02,6.274E+02,6.726E+02,7.209E+02,7.728E+02,8.283E+02,8.878E+02,9.517E+02,1.020E+03,1.093E+03,1.172E+03,1.256E+03,1.347E+03,1.443E+03,1.547E+03,1.658E+03,1.778E+03,1.905E+03,2.042E+03,2.189E+03,2.347E+03,2.515E+03,2.679E+03,2.835E+03,3.000E+03,3.175E+03,3.359E+03,3.555E+03,3.762E+03,3.981E+03,4.213E+03,4.458E+03,4.717E+03,4.992E+03,5.283E+03,5.590E+03,5.916E+03,6.260E+03,6.624E+03,7.010E+03,7.418E+03,7.850E+03,8.307E+03,8.790E+03,9.302E+03,9.844E+03,1.042E+04
Y Axis Data = 2.25E-18,3.63E-18,6.08E-18,8.38E-18,1.06E-17,1.34E-17,1.63E-17,1.89E-17,2.10E-17,2.53E-17,2.70E-17,2.90E-17,3.09E-17,3.27E-17,3.50E-17,3.60E-17,3.78E-17,6.96E-17,7.04E-17,7.12E-17,7.19E-17,7.29E-17,7.43E-17,7.55E-17,7.60E-17,7.65E-17,7.74E-17,7.88E-17,7.98E-17,8.05E-17,8.15E-17,8.30E-17,8.51E-17,8.72E-17,8.85E-17,8.88E-17,8.87E-17,8.93E-17,9.09E-17,9.28E-17,9.40E-17,9.48E-17,9.57E-17,9.70E-17,9.84E-17,9.97E-17,1.01E-16,1.03E-16,1.05E-16,1.09E-16,1.12E-16,1.14E-16,1.13E-16,1.10E-16,1.09E-16,1.09E-16,1.12E-16,1.16E-16,1.19E-16,1.20E-16,1.21E-16,1.24E-16,1.29E-16,1.38E-16,1.49E-16,1.62E-16,1.78E-16,1.96E-16,2.20E-16,2.51E-16,2.89E-16,3.35E-16,3.88E-16,4.48E-16,5.11E-16,5.78E-16,6.46E-16,7.15E-16,7.86E-16,8.57E-16,9.28E-16,9.99E-16,1.07E-15,1.14E-15,1.20E-15,1.26E-15,1.32E-15,1.37E-15,1.41E-15,1.44E-15,1.46E-15,1.48E-15,1.48E-15,1.47E-15,1.46E-15,1.44E-15,1.41E-15,1.37E-15,1.33E-15,1.30E-15,1.26E-15,1.22E-15,1.18E-15,1.15E-15,1.11E-15,1.07E-15,1.03E-15,9.96E-16,9.60E-16,9.23E-16,8.86E-16,8.49E-16,8.12E-16,7.76E-16,7.40E-16,7.07E-16,6.74E-16,6.44E-16,6.17E-16,5.92E-16,5.69E-16,5.50E-16,5.33E-16
Y Axis Error Data = 0,0,0,0,0,0,0,0,0,0,0,0,0,0,0,0,0,0,0,0,0,0,0,0,0,0,0,0,0,0,0,0,0,0,0,0,0,0,0,0,0,0,0,0,0,0,0,0,0,0,0,0,0,0,0,0,0,0,0,0,0,0,0,0,0,0,0,0,0,0,0,0,0,0,0,0,0,0,0,0,0,0,0,0,0,0,0,0,0,0,0,0,0,0,0,0,0,0,0,0,0,0,0,0,0,0,0,0,0,0,0,0,0,0,0,0,0,0,0,0,0,0,0
Reference Number = 2004C437
Author(s) = Pichl,L.$Li,Y.$Liebermann,H.-P.$Buenker,R.J.$Kimura,M.
Title of Record = Electron capture and excitation in collisions of O+(4S, 2D, 2P) with H2 molecules
Journal Name = Phys. Rev. A
Volume and Issue No. = 69
Page Numbers = 062715
Date of Publication = 2004
Process Title = O+(4S) + H2 --> O + H2+